z_kind1 spread:
16: 30.31 28.40 30.12 29.64
8: 50.49 51.41 51.34 50.58 51.03
4: 99.56 99.16 99.85 99.95 99.05
2: 197.78 197.66 197.75 197.70 197.67
1: 396.07 394.86

z_kind2 spread:
16: 28.82, 29.56, 28.08, 28.44
8: 50.75, 50.88, 50.52, 51.38, 50.64
4: 99.78, 98.99 ,99.21 ,99.05 ,99.48
2: 197.67 ,197.62, 197.63 ,197.83 ,197.59
1; 395.77

z_kind1 lsf:
16: 26.81, 26.28, 26.59, 26.85, 26.21
8: 51.43, 51.01, 50.96, 50.97, 51.84
4: 103.69, 103.27, 103.16, 100.56 ,100.12
2: 202.56, 202.61, 201.66, 201.63, 198.23
1: 394.48

z_kind2 lsf:
16: 26.71, 26.81, 27.30, 26.67, 27.01
8: 51.25, 51.08, 51.05, 51.24, 51.06
4: 101.58, 100.09,101.53, 100.05,101.49
2: 199.17, 198.18, 198.10, 200.63, 200.66
1: 394.52
